00000000000000000000000000100110
010010000000000011
011010000000000000
100000000000100000
010010000000100001
00000010000110000110000000100000
100000000000110001
011010100000110001
100000110001100000
100000100000100000
001011100000100001
001100000000
100000110000110001
011010000000110001
100000000000010000
010010000000010001
00000001000101000101000000100000
001100000000
001100000000
100000000000010000
010010000000010001
00000001000101000101000000100000
001100000000
001100000000
100000110001110001
011010000000110001
001011110001000000
000000
011010000000100000
001100000000
100000000000010000
010010000000010001
00000001000101000101000000100000
100000000000010010
010010010000100000
001000100000010010
011010000000100000
100000000000100001
011010000000100001
001100000000
100000010010010010
100000010000010000
001011010000010001
001100
100000000000010001
010010000000010000
00000001000001000001000100100000
100000110000010010
100000010000010000
010010010000100001
001000010010100001
011010000000100001
100000000000100000
011010000000100000
001100000000
100000010010010010
001011010001010000
001100
001000010000010001
010010010000100000
100000010000010010
001000010010010001
010010010010100001
001010100000100001
011010010010100000
00000010000010000111000000100000
100000010010010010
001100000000
011010010000100000
100000010000010000
001100000000
001100
100000010000100000
001000100000010001
100000100000100001
001000100001010001
010010100000010010
010010100001010011
001010010010010011
011010100001010010
011010100000010011
100000100001100001
001100000000
100000100000100000
001100000000
001100
