000000
010010
011010
100000
010010
000000
100000
011010
100000
100000
001011
001100
100000
011010
100000
010010
000000
001100
001100
100000
010010
000000
001100
001100
100000
011010
001011
000000
011010
001100
100000
010010
000000
100000
010010
001000
011010
100000
011010
001100
100000
100000
001011
001100
100000
010010
000000
100000
100000
010010
001000
011010
100000
011010
001100
100000
001011
001100
001000
010010
100000
001000
010010
001010
011010
000000
100000
001100
011010
100000
001100
001100
100000
001000
100000
001000
010010
010010
001010
011010
011010
100000
001100
100000
001100
001100