00000000000000000000000000100110
01001000000000001100000101010110
01101000000000000011000000100000
10000000000010000001000000000000
01001000000010000100000101010111
00000010000110000110000000100000
10000000000011000100000000001101
01101010000011000100000000000000
10000011000110000000000000001011
10000010000010000000000000000100
00101110000010000111111111111100
00110000000000001000000000010011
10000011000011000100000000001111
01101000000011000111000000000000
10000000000001000001000000000000
01001000000001000100000101010111
00000001000101000101000000100000
00110000000000000000000000100100
00110000000000001000000000001100
10000000000001000001000000000000
01001000000001000100000101010111
00000001000101000101000000100000
00110000000000000000000000011111
00110000000000000000000000000111
10000011000111000111111111111111
01101000000011000111000000000000
00101111000100000011111111110011
00000000000000000010000000101100
01101000000010000011000000100000
00110000000000011011111111111110
10000000000001000001000000000000
01001000000001000100000101010111
00000001000101000101000000100000
10000000000001001000000000001101
01001001000010000000000000000000
00100010000001001000000000000100
01101000000010000011000000000000
10000000000010000100001111100000
01101000000010000111000000100000
00110000000000011011111111111101
10000001001001001000000000001011
10000001000001000000000000000100
00101101000001000111111111110111
00110000001000011000000000000000
10000000000001000101000000000000
01001000000001000000000101010111
00000001000001000001000100100000
10000011000001001000000000001101
10000001000001000000000000000100
01001001000010000100000000000000
00100001001010000100000000000100
01101000000010000111000000000000
10000000000010000000000000011111
01101000000010000011000000100000
00110000000000011011111111111101
10000001001001001000000000001011
00101101000101000011111111110111
00110000001000011000000000000000
00100001000001000100000000001100
01001001000010000000000000000000
10000001000001001000000000000100
00100001001001000100000000000110
01001001001010000100000000000000
00101010000010000100000000000010
01101001001010000000000000000000
00000010000010000111000000100000
10000001001001001000000000000100
00110000000000011011111111111010
01101001000010000000000000000000
10000001000001000000000000000100
00110000000000011011111111110100
00110000001000011000000000000000
10000001000010000000000000000000
00100010000001000100000000001011
10000010000010000100000000000100
00100010000101000100000000000111
01001010000001001000000000000000
01001010000101001100000000000000
00101001001001001100000000000010
01101010000101001000000000000000
01101010000001001100000000000000
10000010000110000100000000000100
00110000000000011011111111111001
10000010000010000000000000000100
00110000000000011011111111110101
00110000001000011000000000000000
00000000000000010000000000000000
00000000000000001000000000000000
